34606
2105
712
1046
714
715
723
724
733
1047
739
734
716
742
740
743
731
730
729
732
865
859
858
784
857
855
861
862
860
863
864
905
907
906
903
902
901
899
900
898
897
889
890
881
879
878
866
947
946
944
943
942
941
940
939
938
961
1008
937
936
997
994
993
992
932
931
832
833
834
826
825
824
816
815
813
812
811
810
801
800
799
796
795
798
797
809
803
802
836
838
839
808
805
806
842
843
844
785
786
1017
774
629
630
775
772
660
661
1020
631
773
776
807
787
788
789
790
617
628
627
626
625
791
616
615
614
613
612
604
793
794
792
804
846
845
777
915
914
918
841
916
917
840
926
837
1003
814
817
818
823
827
822
1000
830
828
821
819
829
1002
1005
820
831
1001
835
929
930
933
999
934
928
927
935
925
1052
983
1050
985
984
986
987
970
988
989
1051
981
980
978
977
975
976
1049
979
982
995
990
991
996
998
962
963
1009
960
1007
924
923
921
919
913
1006
922
920
950
949
952
951
954
955
956
957
967
965
966
964
968
969
971
972
973
974
1010
958
959
953
948
896
893
891
888
887
892
894
895
1048
945
911
909
910
850
851
848
847
1004
849
780
770
778
1030
912
904
880
908
856
768
769
853
854
741
711
710
709
708
707
705
704
703
702
699
698
697
695
1011
1031
551
549
547
546
543
545
541
544
542
540
419
414
413
416
417
409
408
407
412
410
347
345
342
343
344
340
339
332
329
328
327
320
319
318
305
304
306
302
303
301
297
298
296
292
291
290
287
286
289
288
283
281
280
282
294
284
285
293
295
307
300
299
315
317
316
313
312
311
321
322
331
341
330
338
333
334
324
325
326
337
350
400
399
398
352
351
336
335
263
264
245
244
266
267
269
270
243
241
240
239
242
272
271
310
309
273
308
275
277
276
274
278
279
314
30
24
23
140
138
139
146
145
144
137
132
131
134
135
136
147
141
143
22
29
26
25
15
14
16
27
28
32
34
33
37
43
35
36
148
149
42
45
44
50
51
52
150
151
163
162
172
171
169
170
173
175
453
454
452
477
476
475
474
473
462
500
502
478
1027
504
479
464
465
444
443
442
440
485
441
484
486
1028
445
449
448
463
446
1022
382
1021
190
189
180
168
181
167
164
166
165
182
183
185
186
193
194
203
195
198
197
187
199
200
212
368
367
369
370
371
381
379
380
372
373
374
1023
363
357
356
378
377
376
1033
375
389
431
388
391
390
392
393
395
355
394
430
432
434
435
436
437
492
491
489
1040
487
513
515
493
494
514
518
519
520
521
495
527
523
522
525
524
424
423
406
403
401
402
405
404
426
425
427
429
396
397
428
433
526
422
528
530
531
529
536
537
696
532
693
534
1012
517
678
1013
686
535
685
687
533
362
364
365
1014
359
358
255
256
258
257
361
360
231
225
230
232
385
386
1032
387
439
488
438
384
383
1029
202
201
210
211
366
205
208
206
207
209
215
214
213
216
217
221
219
224
222
227
226
228
229
218
220
223
68
67
66
64
65
63
191
62
61
59
58
57
60
55
142
112
111
1053
110
109
108
116
102
100
101
99
103
98
96
90
1024
89
1025
1026
95
94
93
92
91
88
80
79
77
76
21
75
20
17
12
11
13
74
78
72
71
73
70
69
81
83
87
82
86
85
84
8
9
18
10
19
1
2
3
4
7
6
5
104
97
106
107
105
113
114
115
117
118
204
192
196
184
178
177
176
450
451
179
447
188
480
481
1038
482
507
508
643
644
510
511
490
1018
512
516
647
646
653
652
645
651
650
648
649
675
676
672
682
670
671
1016
669
761
760
762
1037
668
665
657
656
640
592
589
593
639
638
591
590
588
585
584
583
582
580
496
581
579
587
586
635
637
634
633
632
622
621
624
623
620
619
577
576
570
575
571
572
563
562
564
565
567
566
468
559
558
122
466
560
561
568
598
609
607
1035
606
600
599
574
573
608
605
601
603
602
1034
611
610
1019
618
578
1015
569
1041
658
659
636
1043
664
663
662
771
779
1042
666
667
758
680
681
679
684
689
688
690
691
750
751
749
692
694
747
746
728
744
745
752
748
683
757
759
755
754
756
753
766
765
764
763
767
783
782
781
852
673
674
677
1036
596
503
505
506
594
501
595
597
642
641
654
655
509
483
1039
455
458
460
461
471
472
497
470
469
498
499
174
159
456
126
127
124
123
121
120
119
467
128
125
129
130
154
133
153
152
156
157
161
155
158
457
459
160
56
46
48
49
47
54
53
41
38
40
39
31
246
247
248
249
250
237
235
236
238
251
252
253
234
233
254
259
260
261
262
354
353
265
323
268
348
349
418
420
421
415
346
411
538
539
548
550
552
554
555
553
557
556
701
700
727
726
1044
725
706
1045
713
717
735
736
737
868
738
869
870
872
871
875
884
883
882
885
886
873
874
876
877
867
718
719
720
721
722
712
